x y class_id industrial_water_demand
     -72.875      78.125   88           0
    -9.04167      70.875  195           0
    -24.4583     65.5417  106 1.09339e+08
    -179.958     65.0417  176 1.30975e+11
    -7.45833      62.125   76      600092
       4.625     61.2917  159 1.99419e+09
    -140.958      60.375   36 4.42729e+10
     19.5417      60.125   80 3.03591e+09
     11.0417      58.875  189 2.05516e+09
      21.875     58.2917   60 3.78642e+09
     20.9583     56.5417  122 7.02462e+08
       8.125     55.5417   52 7.81859e+08
     21.0417      55.375  117 5.40633e+09
      -8.125     54.4583  223 1.12687e+10
    -4.79167     54.0417  102 1.79819e+07
     14.2083      52.875  177 1.51452e+10
     23.2083     52.2917   34  2.7778e+09
    -10.4583     52.0417   99 9.54183e+08
    -179.125     51.2917  230 2.58811e+11
       3.375     51.2917  158 7.13891e+09
       5.875     51.0417   69 4.30186e+10
       2.625      50.875   19  1.1683e+10
      12.125     50.2917   68 3.08171e+09
     5.79167      49.875  121 3.78485e+08
      -2.625     49.4583   72 2.24262e+07
    -2.20833     49.2083  115 3.13224e+07
     87.7917      48.875  139 3.39186e+08
     22.2083     48.4583  206 3.03172e+10
     46.5417     48.4583  130 1.30579e+10
      16.875      48.375  212 1.59233e+09
     26.7083     48.2917  147 2.28246e+09
       9.625     47.2083   14 2.33473e+09
     9.54167      47.125  111 1.18181e+07
     16.2083      46.875   97 6.16059e+09
     -56.375     46.7917  173 5.32081e+06
     13.4583     46.2917  194 6.95377e+08
     6.04167     46.2083   42 1.71336e+09
     20.2917      46.125  172 1.69253e+10
     18.9583     45.5417  175 8.93321e+09
     13.5417     45.2083   87 2.60387e+09
     6.70833     45.0417  107 1.83146e+10
     15.7917     44.7917   18 3.81385e+09
     12.4583     43.9583  210 1.23384e+07
      22.375     43.7917   25  1.7652e+10
     145.458     43.7083  253 2.70232e+06
      40.125      43.375   71  2.0562e+09
     18.4583     42.5417  150 3.16852e+08
     1.45833     42.4583    4  4.9746e+07
     56.0417      41.375  249 1.31289e+10
     20.5417     41.2083  138 5.43557e+08
     43.5417     41.0417   12 9.37381e+08
      19.375      40.375   11  2.6213e+08
     25.7083      40.125  217 5.23887e+09
     69.2917     39.7917  123 8.71009e+08
     44.7917     39.7083   16 6.13187e+09
     124.292     39.7083  131 1.36077e+09
     19.7083      39.625   63 2.01848e+09
    -31.2917     39.4583  180  3.3138e+09
     44.0417      39.375  105 2.76463e+09
      73.625     39.2917   51 7.20424e+10
     67.4583     39.2083  198 1.76687e+09
     51.2917      38.875  208 3.50033e+09
     124.625     37.9583  132 1.48638e+10
     14.2083     36.0417  148 5.37634e+07
     72.5417     35.9583  252 3.07185e+08
     77.9583     35.5417  241      131972
     32.2917     35.0417   67 3.02367e+07
     60.5417     33.9583    8 8.41813e+07
     7.54167     33.7917  211  1.4085e+08
      38.875     33.2083  104 3.67319e+09
     35.2083      33.125  109 9.29542e+07
     35.7083     32.7917  200 5.10901e+08
     -64.875     32.2917   23           0
     78.4583     32.2083  242           0
     34.2917     31.2917  179 3.44052e+07
     34.2917     31.2083  101 1.33751e+08
     24.7917     30.0417   62 5.55403e+09
     60.9583     29.7917  169 4.67342e+09
     34.9583     29.4583  119 3.59841e+07
      46.625      29.125  124 4.68162e+07
    -118.292      28.875  135 9.28933e+09
      80.125      28.875  163 9.50098e+07
    -177.375     28.2083  221           0
     34.5417     27.9583  184 2.77036e+08
     -18.125     27.7083   55 1.05503e+10
     -13.125     27.7083  157 3.53809e+08
      91.625     27.5417  244 9.01292e+06
      -8.625     27.2917   57 1.09737e+09
     88.7917      27.125   37 1.07245e+07
     9.45833      26.125  127 1.17603e+08
     50.4583     25.9583   26 3.20971e+06
    -79.2917     25.7083   32 1.96746e+07
     50.7083      25.125  183 1.40816e+07
      88.125     24.5417   21 5.05321e+08
     122.958     24.4583  113 2.81423e+10
      51.625      24.125    3 6.36848e+07
      68.125     23.7083  100 3.73348e+10
     102.208     22.2917  228 4.31182e+09
     113.542     22.2083  140 2.59577e+07
     113.875     22.2083   84 3.62334e+08
      34.125     22.0417  243 3.13731e+06
     33.2917     21.9583  256           0
     -84.875      21.875   61 1.75633e+08
     -72.375     21.7083  204     7491.87
    -17.0417     21.0417   65 5.99221e+07
      92.125     21.0417  146 2.02771e+08
    -17.0417     20.7917  143 3.63511e+07
     100.125     20.2917  108 7.79867e+07
     -81.375     19.2917  125           0
     52.0417     18.9583  171 3.56409e+07
    -71.9583      18.625   56 1.94647e+08
      97.375     18.5417  215 2.82896e+09
    -64.5417     18.4583  224      455643
    -74.4583      18.375   95 4.02189e+06
    -67.2917      18.375  178 2.31068e+08
     -78.375     18.2083  118 1.58995e+07
    -63.0417     18.2083   10     40683.6
     -63.125     18.0417  234      200777
     -64.875     17.7083  225 6.47746e+06
    -62.7917     17.2083  129      103575
     -61.875     17.0417    9      238474
     -25.375     16.9583   64           0
    -62.2083     16.7083  144     16741.6
    -61.7917     16.0417   77 3.60525e+10
    -89.2083     15.9583   35 1.33143e+07
    -61.4583     15.4583   53     93913.5
     42.0417     15.2083  226 4.84517e+07
     36.4583     15.0417   54 7.88891e+06
    -17.4583     14.7083  218  6.3823e+07
    -92.2917     14.5417   93 2.95022e+08
    -12.2083     14.5417  145 2.48045e+07
    -89.2917     14.4583   86 1.18932e+08
    0.208333     14.4583  153 2.20862e+07
     13.5417      14.125  207 8.93809e+06
     145.125      14.125  142           0
    -61.0417     13.7917  110      230777
     -90.125     13.7083  199 5.76036e+07
     102.375     13.2917  126 1.74703e+07
    -16.7917     13.2083   89      702624
     144.708     13.2083   94           0
     -59.625      13.125   20      436724
     -87.625      12.875  156 3.23466e+08
      21.875     12.7917  188 3.56941e+08
    -81.7083     12.5417   49 1.59295e+09
    -70.0417     12.5417   17 2.16429e+06
    -61.4583     12.4583  251     88033.9
     -69.125     12.2917  233 9.07411e+06
    -16.5417     12.2917   96     16707.8
     -68.375     12.2083  232  1.0658e+06
    -61.7917     12.0417   70     76951.5
     165.542      11.625  137           0
     41.7917     11.4583   59 4.80317e+06
      -0.125      11.125  214  2.4599e+07
    -15.0417      10.875   90 2.22016e+07
    -5.45833      10.375   22  1.7519e+06
    0.791667      10.375   28 2.09968e+07
    -109.208     10.2917   47           0
    -61.7917      10.125  192 1.18004e+08
      27.875     9.70833  255           0
     138.125     9.54167   75           0
    -73.2917     9.20833  257 1.38796e+09
    -13.2917     8.45833  209 1.88979e+07
     24.2083       8.375  196 4.00731e+06
    -82.9583     8.20833  162 2.76835e+08
     2.70833       7.875  155  1.0911e+09
     33.0417       7.875   79 1.72498e+08
     116.958       7.875  168 7.86571e+09
     79.7083     7.45833  112 2.50925e+08
     134.375     7.20833  181           0
     -11.375     6.70833  114     6876.95
    -8.54167     6.54167   43 1.31792e+08
      99.625     6.54167  136 3.91266e+09
    -3.20833     6.45833   73 2.15803e+08
     14.4583     6.04167   40 8.32367e+06
     -61.375     5.95833   83     85153.7
     95.0417     5.70833   98 3.39521e+09
    -87.0417     5.54167   48 2.62518e+08
     34.4583       4.625  245           0
     8.54167     4.54167   50 6.47146e+07
     114.208     4.54167   24 1.91706e+08
    -57.9583     3.95833  191 3.07748e+07
    -159.375       3.875    2           0
     72.9583     3.79167  133           0
     103.708       1.375  219 5.15866e+07
     6.54167       0.125  197     43570.4
     -91.625      -0.375   58 3.11078e+08
     8.79167   -0.791667   78  1.3383e+07
     41.0417      -0.875  190           0
     33.9583   -0.958333  120 1.44667e+08
      29.625      -1.375  222 9.86941e+07
       5.625    -1.45833   91 1.06198e+07
      28.875    -2.54167  187 2.21226e+07
     29.0417    -2.79167   27 1.31895e+06
     11.2083    -4.04167   41 1.41777e+07
     -81.375    -4.79167  166 8.03033e+08
      29.375    -4.95833  205 4.33841e+07
     12.2083      -5.875   46 9.17806e+07
     140.875    -6.79167  167 2.41653e+07
     155.542      -7.375  185 2.79003e+06
    -73.9583    -7.54167   31  1.2125e+10
     -14.375    -7.95833  220           0
     46.2917      -9.375  186           0
     124.125      -9.375  202 3.98323e+06
     43.2083    -11.7917  128     37375.9
    -172.792    -13.5417  238           0
     32.7083     -13.625  134  4.4248e+07
    -178.125    -14.2917  237           0
    -170.708    -14.2917   13           0
    -148.625     -14.875 1257           0
     166.542     -14.875  236     37688.4
     30.2917    -15.2083  160 1.53065e+07
    -175.625     -15.625  216           0
     22.0417    -16.2083  229 1.95783e+08
    -152.292    -16.4583    1           0
    -179.958     -16.875   81  7.0401e+06
     11.7083    -17.2083    5 4.75588e+07
    -69.5417    -17.2917   30 1.19961e+08
     11.7083     -17.875  161 1.35144e+07
     25.2917    -17.9583  231 1.18844e+08
     162.958    -18.0417  152           0
    -169.875     -19.125  165           0
      57.375    -20.4583  149     3512.06
    -159.792    -21.2083   44           0
     -62.625    -22.2917  182 2.77918e+08
     43.2083    -22.5417  151           0
     20.0417    -24.7917   33 3.55067e+07
     112.958     -25.625   15 4.10689e+08
      30.875    -26.7917  203 2.34548e+07
    -109.375     -27.125   45   1.432e+09
     16.4583     -28.625  227 2.07113e+09
     167.958     -29.125  154           0
     27.0417     -29.625  116 8.59333e+06
    -58.4583    -33.7083  235 1.39766e+08
    -176.792    -43.7917  170 3.09893e+08
     50.2083     -46.125  213           0
    -73.5417    -50.2917    7  9.0991e+09
    -61.2917    -51.7083   82           0
      73.375    -53.0417   85           0
     -37.875    -54.0417   92           0
    -179.958     -89.875    6           0
