x y class_id electricity_water_demand
     -72.875      78.125   88           0
    -9.04167      70.875  195           0
    -24.4583     65.5417  106           0
    -179.958     65.0417  176     71.5148
    -7.45833      62.125   76           0
       4.625     61.2917  159     88.9577
    -140.958      60.375   36     102.077
     19.5417      60.125   80     38.8485
     11.0417      58.875  189     17.3873
      21.875     58.2917   60     126.072
     20.9583     56.5417  122    0.905946
       8.125     55.5417   52     15.0161
     21.0417      55.375  117     192.966
      -8.125     54.4583  223      14.562
    -4.79167     54.0417  102    0.097971
     14.2083      52.875  177     38.7035
     23.2083     52.2917   34     27.2021
    -10.4583     52.0417   99      8.0603
    -179.125     51.2917  230     22.6806
       3.375     51.2917  158     29.4258
       5.875     51.0417   69     14.0004
       2.625      50.875   19     15.3178
      12.125     50.2917   68     3.17103
     5.79167      49.875  121           0
      -2.625     49.4583   72           0
    -2.20833     49.2083  115   0.0980686
     87.7917      48.875  139    0.141508
     22.2083     48.4583  206     70.6416
     46.5417     48.4583  130     45.6883
      16.875      48.375  212     6.62451
     26.7083     48.2917  147      93.469
       9.625     47.2083   14     25.4398
     9.54167      47.125  111           0
     16.2083      46.875   97      89.019
     -56.375     46.7917  173           0
     13.4583     46.2917  194     19.1571
     6.04167     46.2083   42     41.3787
     20.2917      46.125  172     100.401
     18.9583     45.5417  175       182.4
     13.5417     45.2083   87     74.7581
     6.70833     45.0417  107     14.9289
     15.7917     44.7917   18     6.75873
     12.4583     43.9583  210           0
      22.375     43.7917   25     275.378
     145.458     43.7083  253           0
      40.125      43.375   71     5.85897
     18.4583     42.5417  150     4.28747
     1.45833     42.4583    4           0
     56.0417      41.375  249     54.3382
     20.5417     41.2083  138     11.5221
     43.5417     41.0417   12     6.09464
      19.375      40.375   11     17.6765
     25.7083      40.125  217     3.30858
     69.2917     39.7917  123     109.319
     44.7917     39.7083   16     80.2098
     124.292     39.7083  131     46.0331
     19.7083      39.625   63     7.22752
    -31.2917     39.4583  180     1.04721
     44.0417      39.375  105     3.53934
      73.625     39.2917   51      7.8723
     67.4583     39.2083  198     38.0924
     51.2917      38.875  208     107.291
     124.625     37.9583  132      20.928
     14.2083     36.0417  148        11.7
     72.5417     35.9583  252           0
     77.9583     35.5417  241           0
     32.2917     35.0417   67     2.63997
     60.5417     33.9583    8           0
     7.54167     33.7917  211      4.0289
      38.875     33.2083  104     22.7923
     35.2083      33.125  109    0.330654
     35.7083     32.7917  200    0.814431
     -64.875     32.2917   23           0
     78.4583     32.2083  242           0
     34.2917     31.2917  179           0
     34.2917     31.2083  101     1.01653
     24.7917     30.0417   62     16.9165
     60.9583     29.7917  169    0.604935
     34.9583     29.4583  119  0.00775601
      46.625      29.125  124    0.347301
    -118.292      28.875  135     15.5423
      80.125      28.875  163           0
    -177.375     28.2083  221           0
     34.5417     27.9583  184    0.450359
     -18.125     27.7083   55     15.5541
     -13.125     27.7083  157     5.66648
      91.625     27.5417  244           0
      -8.625     27.2917   57   0.0381082
     88.7917      27.125   37           0
     9.45833      26.125  127   0.0225545
     50.4583     25.9583   26   0.0670655
    -79.2917     25.7083   32     5.47084
     50.7083      25.125  183    0.144744
      88.125     24.5417   21     6.54042
     122.958     24.4583  113     14.1543
      51.625      24.125    3 0.000512433
      68.125     23.7083  100     7.74524
     102.208     22.2917  228      23.065
     113.542     22.2083  140           0
     113.875     22.2083   84      3.2374
      34.125     22.0417  243           0
     33.2917     21.9583  256           0
     -84.875      21.875   61     4.46916
     -72.375     21.7083  204           0
    -17.0417     21.0417   65           0
      92.125     21.0417  146    0.023114
    -17.0417     20.7917  143     70.7527
     100.125     20.2917  108           0
     -81.375     19.2917  125           0
     52.0417     18.9583  171  0.00706592
    -71.9583      18.625   56     6.48966
      97.375     18.5417  215    0.152632
    -64.5417     18.4583  224           0
    -74.4583      18.375   95           0
    -67.2917      18.375  178      2.5024
     -78.375     18.2083  118     2.52223
    -63.0417     18.2083   10           0
     -63.125     18.0417  234     0.37959
     -64.875     17.7083  225    0.151243
    -62.7917     17.2083  129           0
     -61.875     17.0417    9           0
     -25.375     16.9583   64           0
    -62.2083     16.7083  144           0
    -61.7917     16.0417   77     39.4691
    -89.2083     15.9583   35           0
    -61.4583     15.4583   53           0
     42.0417     15.2083  226           0
     36.4583     15.0417   54     4.66245
    -17.4583     14.7083  218     1.34098
    -92.2917     14.5417   93    0.124366
    -12.2083     14.5417  145           0
    -89.2917     14.4583   86    0.234528
    0.208333     14.4583  153           0
     13.5417      14.125  207           0
     145.125      14.125  142           0
    -61.0417     13.7917  110    0.161172
     -90.125     13.7083  199           0
     102.375     13.2917  126     13.0229
    -16.7917     13.2083   89           0
     144.708     13.2083   94           0
     -59.625      13.125   20    0.102189
     -87.625      12.875  156     0.53515
      21.875     12.7917  188    0.407467
    -81.7083     12.5417   49     25.4477
    -70.0417     12.5417   17           0
    -61.4583     12.4583  251           0
     -69.125     12.2917  233           0
    -16.5417     12.2917   96           0
     -68.375     12.2083  232           0
    -61.7917     12.0417   70           0
     165.542      11.625  137           0
     41.7917     11.4583   59    0.861911
      -0.125      11.125  214           0
    -15.0417      10.875   90           0
    -5.45833      10.375   22           0
    0.791667      10.375   28           0
    -109.208     10.2917   47           0
    -61.7917      10.125  192      5.7825
      27.875     9.70833  255           0
     138.125     9.54167   75           0
    -73.2917     9.20833  257     11.1217
    -13.2917     8.45833  209           0
     24.2083       8.375  196           0
    -82.9583     8.20833  162     29.3207
     2.70833       7.875  155     12.3953
     33.0417       7.875   79           0
     116.958       7.875  168     77.7776
     79.7083     7.45833  112     10.3772
     134.375     7.20833  181           0
     -11.375     6.70833  114 0.000312789
    -8.54167     6.54167   43   0.0934568
      99.625     6.54167  136     16.8365
    -3.20833     6.45833   73     4.05646
     14.4583     6.04167   40     12.8236
     -61.375     5.95833   83           0
     95.0417     5.70833   98     10.1591
    -87.0417     5.54167   48     34.0279
     34.4583       4.625  245           0
     8.54167     4.54167   50           0
     114.208     4.54167   24     2.97286
    -57.9583     3.95833  191           0
    -159.375       3.875    2           0
     72.9583     3.79167  133           0
     103.708       1.375  219    0.465657
     6.54167       0.125  197           0
     -91.625      -0.375   58     15.9279
     8.79167   -0.791667   78     19.4939
     41.0417      -0.875  190           0
     33.9583   -0.958333  120  0.00729427
      29.625      -1.375  222           0
       5.625    -1.45833   91           0
      28.875    -2.54167  187           0
     29.0417    -2.79167   27           0
     11.2083    -4.04167   41    0.116608
     -81.375    -4.79167  166     2.69938
      29.375    -4.95833  205   0.0487928
     12.2083      -5.875   46           0
     140.875    -6.79167  167           0
     155.542      -7.375  185           0
    -73.9583    -7.54167   31     22.7022
     -14.375    -7.95833  220           0
     46.2917      -9.375  186           0
     124.125      -9.375  202           0
     43.2083    -11.7917  128           0
    -172.792    -13.5417  238           0
     32.7083     -13.625  134           0
    -178.125    -14.2917  237           0
    -170.708    -14.2917   13           0
    -148.625     -14.875 1257           0
     166.542     -14.875  236           0
     30.2917    -15.2083  160           0
    -175.625     -15.625  216           0
     22.0417    -16.2083  229           0
    -152.292    -16.4583    1           0
    -179.958     -16.875   81           0
     11.7083    -17.2083    5     8.78061
    -69.5417    -17.2917   30   0.0909564
     11.7083     -17.875  161           0
     25.2917    -17.9583  231    0.453823
     162.958    -18.0417  152           0
    -169.875     -19.125  165           0
      57.375    -20.4583  149 0.000412207
    -159.792    -21.2083   44           0
     -62.625    -22.2917  182           0
     43.2083    -22.5417  151           0
     20.0417    -24.7917   33    0.338683
     112.958     -25.625   15     0.86727
      30.875    -26.7917  203           0
    -109.375     -27.125   45     13.9344
     16.4583     -28.625  227     3.82096
     167.958     -29.125  154           0
     27.0417     -29.625  116           0
    -58.4583    -33.7083  235     15.5421
    -176.792    -43.7917  170    0.895065
     50.2083     -46.125  213           0
    -73.5417    -50.2917    7     40.0515
    -61.2917    -51.7083   82           0
      73.375    -53.0417   85           0
     -37.875    -54.0417   92           0
    -179.958     -89.875    6           0
