ISO3	FID	Country	Perc_Man	Perc_Pow	row_number	percentage_for_electricity_production		-9	1
AFG	2	Afghanistan	100.00	0.00	8	0.00		8	0
ALB	5	Albania	94.27	5.73	11	5.73		11	5.734309475
DZA	3	Algeria	99.60	0.40	57	0.40		57	0.397705438
ASM	9	American Samoa	100.00	0.00	13	0.00		13	0
AND	7	Andorra	100.00	0.00	4	0.00		4	0
AGO	8	Angola	34.66	65.34	5	65.34		5	65.34034023
ATG	1	Antigua and Barbuda	100.00	0.00	9	0.00		9	0
ARG	10	Argentina	29.88	70.12	7	70.12		7	70.11891489
ARM	6	Armenia	87.14	12.86	12	12.86		12	12.86288725
ABW	0	Aruba	100.00	0.00	17	0.00		17	0
AUS	11	Australia	16.91	83.09	15	83.09		15	83.08795427
AUT	12	Austria	58.65	41.35	14	41.35		14	41.35351887
AZE	4	Azerbaijan	29.14	70.86	16	70.86		16	70.85728625
BHS	20	Bahamas	1.64	98.36	32	98.36		32	98.35932638
BHR	15	Bahrain	1.27	98.73	26	98.73		26	98.73498172
BGD	21	Bangladesh	7.28	92.72	21	92.72		21	92.71663604
BRB	16	Barbados	41.50	58.50	20	58.50		20	58.49701655
BLR	27	Belarus	26.26	73.74	34	73.74		34	73.74144285
BEL	19	Belgium	86.43	13.57	19	13.57		19	13.57348915
BLZ	22	Belize	100.00	0.00	35	0.00		35	0
BEN	26	Benin	100.00	0.00	28	0.00		28	0
BMU	18	Bermuda	100.00	0.00	23	0.00		23	0
BTN	30	Bhutan	100.00	0.00	37	0.00		37	0
BOL	24	Bolivia (Plurinational State of)	99.25	0.75	30	0.75		30	0.745988459
BIH	23	Bosnia and Herzegovina	97.26	2.74	18	2.74		18	2.74404708
BWA	17	Botswana	93.80	6.20	33	6.20		33	6.203109758
BRA	29	Brazil	61.45	38.55	31	38.55		31	38.54900637
VGB	238	British Virgin Islands	100.00	0.00	224	0.00		224	0
BRN	33	Brunei Darussalam	88.10	11.90	24	11.90		24	11.89607232
BGR	31	Bulgaria	10.39	89.61	25	89.61		25	89.61402043
BFA	233	Burkina Faso	100.00	0.00	22	0.00		22	0
BDI	34	Burundi	100.00	0.00	27	0.00		27	0
CPV	52	Cabo Verde	100.00	0.00	64	0.00		64	0
KHM	36	Cambodia	34.70	65.30	126	65.30		126	65.30208113
CMR	45	Cameroon	100.00	0.00	50	0.00		50	0
CAN	35	Canada	11.64	88.36	36	88.36		36	88.36301519
CYM	43	Cayman Islands	1.30	98.70	125	98.70		125	98.70445454
CAF	50	Central African Republic	4.18	95.82	40	95.82		40	95.82055855
TCD	37	Chad	100.00	0.00	207	0.00		207	0
JEY	85	Channel Islands	98.74	1.26	115	1.26		115	1.260100588
CHL	42	Chile	7.52	92.48	45	92.48		45	92.48208743
CHN	41	China	35.54	64.46	51	64.46		51	64.45813103
COL	47	Colombia	27.96	72.04	49	72.04		49	72.04094745
COM	46	Comoros	100.00	0.00	128	0.00		128	0
COD	40	Congo Dem Republic	100.00	0.00	46	0.00		46	0
COG	39	Congo Rep	96.32	3.68	41	3.68		41	3.679350877
CRI	49	Costa Rica	61.28	38.72	48	38.72		48	38.71609198
CIV	110	Cote d Ivoire	99.49	0.51	43	0.51		43	0.511436341
HRV	100	Croatia	52.32	47.68	87	47.68		87	47.68005734
CUB	51	Cuba	3.12	96.88	61	96.88		61	96.87946747
CUW	170	Curacao	100.00	0.00	233	0.00		233	0
CYP	54	Cyprus	3.99	96.01	67	96.01		67	96.01207773
CZE	68	Czech Republic	87.61	12.39	68	12.39		68	12.39248963
DNK	55	Denmark	9.89	90.11	52	90.11		52	90.11187631
DJI	56	Djibouti	87.11	12.89	59	12.89		59	12.88979439
DMA	57	Dominica	100.00	0.00	53	0.00		53	0
DOM	59	Dominican Republic	3.80	96.20	56	96.20		56	96.19527976
ECU	60	Ecuador	23.44	76.56	58	76.56		58	76.55506214
EGY	61	Egypt	27.61	72.39	62	72.39		62	72.38880205
SLV	66	El Salvador	100.00	0.00	199	0.00		199	0
GNQ	63	Equatorial Guinea	100.00	0.00	91	0.00		91	0
ERI	65	Eritrea	54.44	45.56	54	45.56		54	45.56359071
EST	64	Estonia	7.54	92.46	60	92.46		60	92.45753752
ETH	67	Ethiopia	100.00	0.00	79	0.00		79	0
FRO	74	Faroe Islands	100.00	0.00	76	0.00		76	0
FJI	71	Fiji	100.00	0.00	81	0.00		81	0
FIN	70	Finland	1.21	98.79	80	98.79		80	98.79460357
FRA	77	France	18.94	81.06	77	81.06		77	81.05867851
PYF	75	French Polynesia	100.00	0.00	1	0.00		1	0
GAB	80	Gabon	23.44	76.56	78	76.56		78	76.56072534
GMB	79	Gambia	100.00	0.00	89	0.00		89	0
GEO	81	Georgia	96.81	3.19	71	3.19		71	3.18999119
DEU	87	Germany	73.27	26.73	69	26.73		69	26.7256081
GHA	82	Ghana	80.01	19.99	73	19.99		73	19.99144411
GIB	83	Gibraltar	100.00	0.00	74	0.00		74	0
GRC	91	Greece	62.23	37.77	63	37.77		63	37.77151485
GRD	84	Grenada	100.00	0.00	70	0.00		70	0
GUM	90	Guam	0.25	99.75	94	99.75		94	99.74838685
GTM	92	Guatemala	99.75	0.25	93	0.25		93	0.253706864
GIN	93	Guinea	100.00	0.00	90	0.00		90	0
GNB	184	Guinea-Bissau	100.00	0.00	96	0.00		96	0
GUY	94	Guyana	100.00	0.00	83	0.00		83	0
HTI	96	Haiti	100.00	0.00	95	0.00		95	0
HND	98	Honduras	98.73	1.27	86	1.27		86	1.271732632
HKG	251	Hong Kong SAR	5.31	94.69	84	94.69		84	94.68856485
HUN	101	Hungary	47.82	52.18	97	52.18		97	52.17913798
ISL	102	Iceland	100.00	0.00	106	0.00		106	0
IND	105	India	65.57	34.43	100	34.43		100	34.42878999
IDN	103	Indonesia	7.47	92.53	98	92.53		98	92.52895047
IRN	107	Iran (Islamic Republic of)	34.04	65.96	105	65.96		105	65.96258997
IRQ	111	Iraq	5.73	94.27	104	94.27		104	94.27317585
IRL	62	Ireland	56.40	43.60	99	43.60		99	43.59863012
IMN	104	Isle of Man	99.58	0.42	102	0.42		102	0.415454839
ISR	108	Israel	3.57	96.43	101	96.43		101	96.43499008
ITA	109	Italy	46.06	53.94	107	53.94		107	53.93948198
JAM	114	Jamaica	3.55	96.45	118	96.45		118	96.44886161
JPN	112	Japan	2.96	97.04	113	97.04		113	97.03766813
JOR	116	Jordan	99.20	0.80	119	0.80		119	0.803654018
KAZ	126	Kazakhstan	46.38	53.62	130	53.62		130	53.62141346
KEN	119	Kenya	99.97	0.03	120	0.03		120	0.026558259
KIR	122	Kiribati	100.00	0.00	2	0.00		2	0
PRK	121	Korea Demo	6.06	93.94	131	93.94		131	93.93789037
KOR	123	Korea Rep	4.89	95.11	132	95.11		132	95.10965382
KWT	125	Kuwait	1.11	98.89	124	98.89		124	98.89282067
KGZ	120	Kyrgyzstan	19.96	80.04	123	80.04		123	80.03810939
LAO	127	Lao Peoples Democratic Republic	100.00	0.00	108	0.00		108	0
LVA	129	Latvia	98.99	1.01	122	1.01		122	1.01148493
LBN	128	Lebanon	93.23	6.77	109	6.77		109	6.77116763
LSO	134	Lesotho	100.00	0.00	116	0.00		116	0
LBR	131	Liberia	97.45	2.55	114	2.55		114	2.547203318
LBY	136	Libya	98.20	1.80	127	1.80		127	1.803925171
LIE	133	Liechtenstein	100.00	0.00	111	0.00		111	0
LTU	130	Lithuania	4.23	95.77	117	95.77		117	95.76807921
LUX	135	Luxembourg	100.00	0.00	121	0.00		121	0
MAC	139	Macao SAR	100.00	0.00	140	0.00		140	0
MKD	145	Macedonia FYR	77.16	22.84	138	22.84		138	22.83548771
MDG	137	Madagascar	95.89	4.11	151	4.11		151	4.109153176
MWI	144	Malawi	100.00	0.00	134	0.00		134	0
MYS	157	Malaysia	17.94	82.06	136	82.06		136	82.05586604
MDV	154	Maldives	100.00	0.00	133	0.00		133	0
MLI	146	Mali	100.00	0.00	145	0.00		145	0
MLT	152	Malta	13.68	86.32	148	86.32		148	86.31910704
MHL	187	Marshall Islands	100.00	0.00	137	0.00		137	0
MRT	151	Mauritania	11.68	88.32	143	88.32		143	88.32203469
MUS	149	Mauritius	51.06	48.94	149	48.94		149	48.94379103
MEX	156	Mexico	37.57	62.43	135	62.43		135	62.42648361
FSM	73	Micronesia (Fed. States of)	100.00	0.00	75	0.00		75	0
MDA	140	Moldova	9.60	90.40	147	90.40		147	90.39915198
MCO	147	Monaco	100.00	0.00	141	0.00		141	0
MNG	142	Mongolia	99.31	0.69	139	0.69		139	0.694160826
MNE	155	Montenegro	97.41	2.59	150	2.59		150	2.589145051
MAR	148	Morocco	30.95	69.05	157	69.05		157	69.04902153
MOZ	158	Mozambique	100.00	0.00	160	0.00		160	0
MMR	25	Myanmar	99.91	0.09	146	0.09		146	0.094598881
NAM	241	Namibia	100.00	0.00	161	0.00		161	0
NRU	168	Nauru	100.00	0.00	164	0.00		164	0
NPL	167	Nepal	100.00	0.00	163	0.00		163	0
NLD	165	Netherlands	16.60	83.40	158	83.40		158	83.39622933
NCL	159	New Caledonia	100.00	0.00	152	0.00		152	0
NZL	172	New Zealand	93.79	6.21	170	6.21		170	6.208951146
NIC	171	Nicaragua	99.73	0.27	156	0.27		156	0.269200064
NER	162	Niger	100.00	0.00	153	0.00		153	0
NGA	164	Nigeria	11.24	88.76	155	88.76		155	88.75933507
MNP	48	Northern Mariana Islands	100.00	0.00	142	0.00		142	0
NOR	166	Norway	51.74	48.26	159	48.26		159	48.26261621
OMN	153	Oman	98.59	1.41	171	1.41		171	1.413629323
PAK	178	Pakistan	98.08	1.92	169	1.92		169	1.924874653
PLW	183	Palau	100.00	0.00	181	0.00		181	0
PAN	180	Panama	18.38	81.62	162	81.62		162	81.61955813
PNG	182	Papua New Guinea	100.00	0.00	167	0.00		167	0
PRY	173	Paraguay	100.00	0.00	182	0.00		182	0
PER	175	Peru	86.23	13.77	166	13.77		166	13.77071492
PHL	189	Philippines	3.64	96.36	168	96.36		168	96.35687837
POL	179	Poland	32.42	67.58	177	67.58		177	67.57873636
PRT	181	Portugal	98.30	1.70	180	1.70		180	1.697866995
PRI	190	Puerto Rico	47.59	52.41	178	52.41		178	52.40637988
QAT	185	Qatar	5.08	94.92	183	94.92		183	94.92426459
ROU	188	Romania	41.27	58.73	172	58.73		172	58.72759945
RUS	191	Russian Federation	8.05	91.95	176	91.95		176	91.95129656
RWA	192	Rwanda	100.00	0.00	187	0.00		187	0
WSM	246	Samoa	100.00	0.00	238	0.00		238	0
SMR	202	San Marino	100.00	0.00	210	0.00		210	0
STP	222	Sao Tome and Principe	100.00	0.00	197	0.00		197	0
SAU	193	Saudi Arabia	10.51	89.49	184	89.49		184	89.49217875
SEN	198	Senegal	91.25	8.75	218	8.75		218	8.747779165
SRB	206	Serbia	18.34	81.66	175	81.66		175	81.65588094
SYC	196	Seychelles	100.00	0.00	186	0.00		186	0
SLE	201	Sierra Leone	100.00	0.00	209	0.00		209	0
SGP	203	Singapore	1.84	98.16	219	98.16		219	98.16403958
SXM	252	Sint Maarten (Dutch part)	0.63	99.37	234	99.37		234	99.37331193
SVK	132	Slovakia	85.55	14.45	212	14.45		212	14.45072754
SVN	200	Slovenia	53.23	46.77	194	46.77		194	46.77227755
SLB	28	Solomon Islands	100.00	0.00	185	0.00		185	0
SOM	204	Somalia	100.00	0.00	190	0.00		190	0
ZAF	197	South Africa	30.15	69.85	227	69.85		227	69.84939741
SSD	253	South Sudan	100.00	0.00	196	0.00		196	0
ESP	205	Spain	35.02	64.98	55	64.98		55	64.98089545
LKA	38	Sri Lanka	19.60	80.40	112	80.40		112	80.40150691
KNA	195	St. Kitts and Nevis	100.00	0.00	129	0.00		129	0
LCA	207	St. Lucia	52.77	47.23	110	47.23		110	47.23167239
VCT	236	St. Vincent and the Grenadines	100.00	0.00	251	0.00		251	0
SDN	208	Sudan	97.80	2.20	188	2.20		188	2.198398483
SUR	169	Suriname	100.00	0.00	191	0.00		191	0
SWZ	247	Swaziland	100.00	0.00	203	0.00		203	0
SWE	210	Sweden	1.06	98.94	189	98.94		189	98.93651921
CHE	213	Switzerland	27.16	72.84	42	72.84		42	72.83919733
SYR	212	Syrian Arab Republic	89.57	10.43	200	10.43		200	10.4320865
TJK	217	Tajikistan	1.85	98.15	198	98.15		198	98.15281052
TZA	228	Tanzania	99.19	0.81	205	0.81		205	0.809889933
THA	216	Thailand	98.33	1.67	215	1.67		215	1.666651621
TLS	254	Timor-Leste	100.00	0.00	202	0.00		202	0
TGO	221	Togo	100.00	0.00	214	0.00		214	0
TON	220	Tonga	100.00	0.00	216	0.00		216	0
TTO	215	Trinidad and Tobago	0.90	99.10	192	99.10		192	99.09769236
TUN	223	Tunisia	19.04	80.96	211	80.96		211	80.95897835
TUR	224	Turkey	80.45	19.55	217	19.55		217	19.54812515
TKM	227	Turkmenistan	16.44	83.56	208	83.56		208	83.56219981
TCA	218	Turks and Caicos Islands	100.00	0.00	204	0.00		204	0
TUV	225	Tuvalu	100.00	0.00	193	0.00		193	0
UGA	229	Uganda	100.00	0.00	222	0.00		222	0
UKR	231	Ukraine	5.06	94.94	206	94.94		206	94.93724479
ARE	214	United Arab Emirates	99.76	0.24	3	0.24		3	0.240593407
GBR	230	United Kingdom	21.05	78.95	223	78.95		223	78.94619936
USA	232	United States	28.37	71.63	230	71.63		230	71.63181306
URY	234	Uruguay	3.27	96.73	235	96.73		235	96.73316866
UZB	235	Uzbekistan	59.19	40.81	249	40.81		249	40.80746182
VUT	163	Vanuatu	100.00	0.00	236	0.00		236	0
VEN	237	Venezuela (Bolivarian Republic of)	15.81	84.19	257	84.19		257	84.19391061
VNM	239	Viet Nam	28.14	71.86	228	71.86		228	71.86410952
VIR	240	Virgin Islands (U.S.)	87.75	12.25	225	12.25		225	12.24948286
PSE	242	West Bank & Gaza	100.00	0.00	179	0.00		179	0
YEM	248	Yemen	100.00	0.00	226	0.00		226	0
ZMB	249	Zambia	100.00	0.00	229	0.00		229	0
ZWE	250	Zimbabwe	96.22	3.78	231	3.78		231	3.783921314
